0.6472 0.3506
0.6348 0.3612
0.6225 0.3710
0.6104 0.3797
0.5983 0.3874
0.5864 0.3940
0.5747 0.3996
0.5632 0.4041
0.5519 0.4077
0.5408 0.4104
0.5300 0.4123
0.5195 0.4134
0.5093 0.4139
0.4995 0.4138
0.4900 0.4132
0.4808 0.4122
0.4720 0.4108
0.4636 0.4091
0.4555 0.4071
0.4478 0.4050
0.4404 0.4026
0.4333 0.4002
0.4266 0.3976
0.4202 0.3950
0.4140 0.3923
0.4082 0.3895
0.4026 0.3868
0.3973 0.3841
0.3922 0.3813
0.3873 0.3786
0.3827 0.3759
0.3783 0.3733
0.3741 0.3707
0.3701 0.3681
0.3662 0.3656
0.3625 0.3631
0.3590 0.3607
0.3557 0.3583
0.3524 0.3560
0.3494 0.3538
0.3464 0.3516
0.3436 0.3494
0.3409 0.3473
0.3383 0.3453
0.3358 0.3433
0.3334 0.3413
0.3311 0.3394
0.3289 0.3376
0.3268 0.3358
0.3247 0.3341
0.3228 0.3324
0.3209 0.3307
0.3190 0.3291
0.3173 0.3275
0.3156 0.3260
0.3140 0.3245
0.3124 0.3231
0.3109 0.3217
0.3094 0.3203
0.3080 0.3190
0.3066 0.3177
0.3053 0.3164
0.3040 0.3152
0.3028 0.3140
0.3016 0.3128
0.3004 0.3117
0.2993 0.3106
0.2982 0.3095
0.2971 0.3084
0.2961 0.3074
0.2951 0.3064
0.2942 0.3054
0.2932 0.3044
0.2923 0.3035
0.2914 0.3026
0.2906 0.3017
0.2897 0.3008
0.2889 0.3000
0.2881 0.2992
0.2874 0.2983
0.2866 0.2976
0.2859 0.2968
0.2852 0.2960
0.2845 0.2953
0.2839 0.2946
0.2832 0.2939
0.2826 0.2932
0.2820 0.2925
0.2813 0.2918
0.2808 0.2912
0.2802 0.2905
0.2796 0.2899
0.2791 0.2893
0.2785 0.2887
0.2780 0.2881
0.2775 0.2876
0.2770 0.2870
0.2765 0.2865
0.2761 0.2859
0.2756 0.2854
0.2751 0.2849
0.2747 0.2844
0.2743 0.2839
0.2738 0.2834
0.2734 0.2829
0.2730 0.2825
0.2726 0.2820
0.2722 0.2816
0.2719 0.2811
0.2715 0.2807
0.2711 0.2803
0.2708 0.2799
0.2704 0.2794
0.2701 0.2790
0.2697 0.2786
0.2694 0.2783
0.2691 0.2779
0.2688 0.2775
0.2684 0.2771
0.2681 0.2768
0.2678 0.2764
0.2675 0.2761
0.2673 0.2757
0.2670 0.2754
0.2667 0.2751
0.2664 0.2747
0.2662 0.2744
0.2659 0.2741
0.2656 0.2738
0.2654 0.2735
0.2651 0.2732
0.2649 0.2729
0.2646 0.2726
0.2644 0.2723
0.2642 0.2720
0.2639 0.2718
0.2637 0.2715
0.2635 0.2712
0.2633 0.2709
0.2631 0.2707
0.2629 0.2704
0.2626 0.2702
0.2624 0.2699
0.2622 0.2697
0.2620 0.2694
0.2618 0.2692
0.2617 0.2690
0.2615 0.2687
0.2613 0.2685
0.2611 0.2683
0.2609 0.2681
0.2607 0.2678
0.2606 0.2676
0.2604 0.2674
0.2602 0.2672
0.2601 0.2670
0.2599 0.2668
0.2597 0.2666
0.2596 0.2664
0.2594 0.2662
0.2593 0.2660
0.2591 0.2658
0.2590 0.2656
0.2588 0.2654
0.2587 0.2653
0.2585 0.2651
0.2584 0.2649
0.2582 0.2647
0.2581 0.2645
0.2580 0.2644
0.2578 0.2642
0.2577 0.2640
0.2575 0.2639
0.2574 0.2637
0.2573 0.2635
0.2572 0.2634
0.2570 0.2632
0.2569 0.2631
0.2568 0.2629
0.2567 0.2628
0.2566 0.2626
0.2564 0.2625
0.2563 0.2623
0.2562 0.2622
0.2561 0.2620
0.2560 0.2619
0.2559 0.2618
0.2558 0.2616
0.2557 0.2615
0.2555 0.2613
0.2554 0.2612
0.2553 0.2611
0.2552 0.2609
0.2551 0.2608
0.2550 0.2607
0.2549 0.2606
0.2548 0.2604
0.2547 0.2603
0.2546 0.2602
0.2546 0.2601
0.2545 0.2600
0.2544 0.2598
0.2543 0.2597
0.2542 0.2596
0.2541 0.2595
0.2540 0.2594
0.2539 0.2593
0.2538 0.2591
0.2537 0.2590
0.2537 0.2589
0.2536 0.2588
0.2535 0.2587
0.2534 0.2586
0.2533 0.2585
0.2533 0.2584
0.2532 0.2583
0.2531 0.2582
0.2530 0.2581
0.2529 0.2580
0.2529 0.2579
0.2528 0.2578
0.2527 0.2577
0.2526 0.2576
0.2526 0.2575
0.2525 0.2574
0.2524 0.2573
0.2524 0.2572
0.2523 0.2572
0.2522 0.2571
0.2521 0.2570
0.2521 0.2569
0.2520 0.2568
0.2519 0.2567
0.2519 0.2566
0.2518 0.2565
0.2517 0.2565
0.2517 0.2564
0.2516 0.2563
0.2516 0.2562
0.2515 0.2561
0.2514 0.2560
0.2514 0.2560
0.2513 0.2559
0.2512 0.2558
0.2512 0.2557
0.2511 0.2557
0.2511 0.2556
0.2510 0.2555
0.2510 0.2554
0.2509 0.2554
0.2508 0.2553
0.2508 0.2552
0.2507 0.2551
0.2507 0.2551
0.2506 0.2550
0.2506 0.2549
0.2505 0.2548
0.2505 0.2548
0.2504 0.2547
0.2503 0.2546
0.2503 0.2546
0.2502 0.2545
0.2502 0.2544
0.2501 0.2544
0.2501 0.2543
0.2500 0.2542
0.2500 0.2542
0.2499 0.2541
0.2499 0.2541
0.2499 0.2540
0.2498 0.2539
0.2498 0.2539
0.2497 0.2538
0.2497 0.2537
0.2496 0.2537
0.2496 0.2536
0.2495 0.2536
0.2495 0.2535
0.2494 0.2534
0.2494 0.2534
0.2493 0.2533
0.2493 0.2533
0.2493 0.2532
0.2492 0.2532
0.2492 0.2531
0.2491 0.2530
0.2491 0.2530
0.2490 0.2529
0.2490 0.2529
0.2490 0.2528
0.2489 0.2528
0.2489 0.2527
0.2488 0.2527
0.2488 0.2526
0.2488 0.2526
0.2487 0.2525
0.2487 0.2525
0.2487 0.2524
0.2486 0.2524
0.2486 0.2523
0.2485 0.2523
0.2485 0.2522
0.2485 0.2522
0.2484 0.2521
0.2484 0.2521
0.2484 0.2520
0.2483 0.2520
0.2483 0.2519
0.2482 0.2519
0.2482 0.2518
0.2482 0.2518
0.2481 0.2517
0.2481 0.2517
0.2481 0.2516
0.2480 0.2516
0.2480 0.2516
0.2480 0.2515
0.2479 0.2515
0.2479 0.2514
0.2479 0.2514
0.2478 0.2513
0.2478 0.2513
0.2478 0.2513
0.2477 0.2512
0.2477 0.2512
0.2477 0.2511
0.2476 0.2511
0.2476 0.2510
0.2476 0.2510
0.2476 0.2510
0.2475 0.2509
0.2475 0.2509
0.2475 0.2508
0.2474 0.2508
0.2474 0.2508
0.2474 0.2507
0.2473 0.2507
0.2473 0.2506
0.2473 0.2506
0.2473 0.2506
0.2472 0.2505
0.2472 0.2505
0.2472 0.2505
0.2471 0.2504
0.2471 0.2504
0.2471 0.2503
0.2471 0.2503
0.2470 0.2503
0.2470 0.2502
0.2470 0.2502
0.2470 0.2502
0.2469 0.2501
0.2469 0.2501
0.2469 0.2501
0.2468 0.2500
0.2468 0.2500
0.2468 0.2500
0.2468 0.2499
0.2467 0.2499
0.2467 0.2498
0.2467 0.2498
0.2467 0.2498
0.2466 0.2497
0.2466 0.2497
0.2466 0.2497
0.2466 0.2497
0.2465 0.2496
0.2465 0.2496
0.2465 0.2496
0.2465 0.2495
0.2465 0.2495
0.2464 0.2495
0.2464 0.2494
0.2464 0.2494
0.2464 0.2494
0.2463 0.2493
0.2463 0.2493
0.2463 0.2493
0.2463 0.2492
0.2462 0.2492
0.2462 0.2492
0.2462 0.2492
0.2462 0.2491
0.2462 0.2491
0.2461 0.2491
0.2461 0.2490
0.2461 0.2490
0.2461 0.2490
0.2460 0.2490
0.2460 0.2489
0.2460 0.2489
