0.6499 0.3474
0.6361 0.3594
0.6226 0.3703
0.6095 0.3801
0.5966 0.3887
0.5841 0.3962
0.5720 0.4025
0.5601 0.4076
0.5486 0.4118
0.5375 0.4150
0.5267 0.4173
0.5162 0.4188
0.5062 0.4196
0.4965 0.4198
0.4872 0.4194
0.4782 0.4186
0.4696 0.4173
0.4614 0.4158
0.4535 0.4139
0.4460 0.4118
0.4388 0.4095
0.4320 0.4070
0.4254 0.4044
0.4192 0.4018
0.4132 0.3990
0.4075 0.3962
0.4021 0.3934
0.3969 0.3905
0.3919 0.3877
0.3872 0.3849
0.3827 0.3820
0.3784 0.3793
0.3743 0.3765
0.3704 0.3738
0.3666 0.3711
0.3631 0.3685
0.3596 0.3659
0.3563 0.3634
0.3532 0.3609
0.3502 0.3585
0.3473 0.3561
0.3446 0.3538
0.3419 0.3516
0.3394 0.3494
0.3369 0.3472
0.3346 0.3451
0.3323 0.3431
0.3302 0.3411
0.3281 0.3392
0.3261 0.3373
0.3242 0.3355
0.3223 0.3337
0.3205 0.3319
0.3188 0.3302
0.3171 0.3286
0.3155 0.3270
0.3140 0.3254
0.3125 0.3238
0.3110 0.3224
0.3097 0.3209
0.3083 0.3195
0.3070 0.3181
0.3058 0.3168
0.3045 0.3154
0.3034 0.3142
0.3022 0.3129
0.3011 0.3117
0.3000 0.3105
0.2990 0.3094
0.2980 0.3082
0.2970 0.3071
0.2961 0.3061
0.2952 0.3050
0.2943 0.3040
0.2934 0.3030
0.2926 0.3020
0.2917 0.3011
0.2910 0.3001
0.2902 0.2992
0.2894 0.2983
0.2887 0.2975
0.2880 0.2966
0.2873 0.2958
0.2866 0.2950
0.2860 0.2942
0.2853 0.2934
0.2847 0.2927
0.2841 0.2919
0.2835 0.2912
0.2829 0.2905
0.2824 0.2898
0.2818 0.2891
0.2813 0.2884
0.2807 0.2878
0.2802 0.2871
0.2797 0.2865
0.2792 0.2859
0.2788 0.2853
0.2783 0.2847
0.2778 0.2841
0.2774 0.2836
0.2770 0.2830
0.2765 0.2825
0.2761 0.2819
0.2757 0.2814
0.2753 0.2809
0.2749 0.2804
0.2745 0.2799
0.2742 0.2794
0.2738 0.2789
0.2734 0.2785
0.2731 0.2780
0.2727 0.2776
0.2724 0.2771
0.2721 0.2767
0.2717 0.2763
0.2714 0.2758
0.2711 0.2754
0.2708 0.2750
0.2705 0.2746
0.2702 0.2742
0.2699 0.2738
0.2696 0.2735
0.2694 0.2731
0.2691 0.2727
0.2688 0.2724
0.2686 0.2720
0.2683 0.2717
0.2680 0.2713
0.2678 0.2710
0.2675 0.2707
0.2673 0.2703
0.2671 0.2700
0.2668 0.2697
0.2666 0.2694
0.2664 0.2691
0.2662 0.2688
0.2659 0.2685
0.2657 0.2682
0.2655 0.2679
0.2653 0.2676
0.2651 0.2673
0.2649 0.2671
0.2647 0.2668
0.2645 0.2665
0.2643 0.2663
0.2641 0.2660
0.2639 0.2657
0.2638 0.2655
0.2636 0.2652
0.2634 0.2650
0.2632 0.2648
0.2631 0.2645
0.2629 0.2643
0.2627 0.2641
0.2626 0.2638
0.2624 0.2636
0.2622 0.2634
0.2621 0.2632
0.2619 0.2629
0.2618 0.2627
0.2616 0.2625
0.2615 0.2623
0.2613 0.2621
0.2612 0.2619
0.2610 0.2617
0.2609 0.2615
0.2608 0.2613
0.2606 0.2611
0.2605 0.2609
0.2604 0.2607
0.2602 0.2606
0.2601 0.2604
0.2600 0.2602
0.2598 0.2600
0.2597 0.2598
0.2596 0.2597
0.2595 0.2595
0.2593 0.2593
0.2592 0.2592
0.2591 0.2590
0.2590 0.2588
0.2589 0.2587
0.2588 0.2585
0.2587 0.2584
0.2586 0.2582
0.2584 0.2580
0.2583 0.2579
0.2582 0.2577
0.2581 0.2576
0.2580 0.2574
0.2579 0.2573
0.2578 0.2572
0.2577 0.2570
0.2576 0.2569
0.2575 0.2567
0.2574 0.2566
0.2573 0.2565
0.2572 0.2563
0.2571 0.2562
0.2571 0.2561
0.2570 0.2559
0.2569 0.2558
0.2568 0.2557
0.2567 0.2555
0.2566 0.2554
0.2565 0.2553
0.2564 0.2552
0.2564 0.2550
0.2563 0.2549
0.2562 0.2548
0.2561 0.2547
0.2560 0.2546
0.2559 0.2545
0.2559 0.2543
0.2558 0.2542
0.2557 0.2541
0.2556 0.2540
0.2556 0.2539
0.2555 0.2538
0.2554 0.2537
0.2553 0.2536
0.2553 0.2535
0.2552 0.2534
0.2551 0.2533
0.2551 0.2532
0.2550 0.2531
0.2549 0.2530
0.2548 0.2529
0.2548 0.2528
0.2547 0.2527
0.2546 0.2526
0.2546 0.2525
0.2545 0.2524
0.2544 0.2523
0.2544 0.2522
0.2543 0.2521
0.2543 0.2520
0.2542 0.2519
0.2541 0.2518
0.2541 0.2517
0.2540 0.2516
0.2540 0.2516
0.2539 0.2515
0.2538 0.2514
0.2538 0.2513
0.2537 0.2512
0.2537 0.2511
0.2536 0.2511
0.2535 0.2510
0.2535 0.2509
0.2534 0.2508
0.2534 0.2507
0.2533 0.2507
0.2533 0.2506
0.2532 0.2505
0.2532 0.2504
0.2531 0.2503
0.2531 0.2503
0.2530 0.2502
0.2530 0.2501
0.2529 0.2500
0.2529 0.2500
0.2528 0.2499
0.2528 0.2498
0.2527 0.2497
0.2527 0.2497
0.2526 0.2496
0.2526 0.2495
0.2525 0.2495
0.2525 0.2494
0.2524 0.2493
0.2524 0.2493
0.2523 0.2492
0.2523 0.2491
0.2523 0.2491
0.2522 0.2490
0.2522 0.2489
0.2521 0.2489
0.2521 0.2488
0.2520 0.2487
0.2520 0.2487
0.2519 0.2486
0.2519 0.2485
0.2519 0.2485
0.2518 0.2484
0.2518 0.2484
0.2517 0.2483
0.2517 0.2482
0.2517 0.2482
0.2516 0.2481
0.2516 0.2481
0.2515 0.2480
0.2515 0.2480
0.2515 0.2479
0.2514 0.2478
0.2514 0.2478
0.2513 0.2477
0.2513 0.2477
0.2513 0.2476
0.2512 0.2476
0.2512 0.2475
0.2512 0.2474
0.2511 0.2474
0.2511 0.2473
0.2511 0.2473
0.2510 0.2472
0.2510 0.2472
0.2509 0.2471
0.2509 0.2471
0.2509 0.2470
0.2508 0.2470
0.2508 0.2469
0.2508 0.2469
0.2507 0.2468
0.2507 0.2468
0.2507 0.2467
0.2506 0.2467
0.2506 0.2466
0.2506 0.2466
0.2505 0.2465
0.2505 0.2465
0.2505 0.2464
0.2505 0.2464
0.2504 0.2463
0.2504 0.2463
0.2504 0.2463
0.2503 0.2462
0.2503 0.2462
0.2503 0.2461
0.2502 0.2461
0.2502 0.2460
0.2502 0.2460
0.2502 0.2459
0.2501 0.2459
0.2501 0.2459
0.2501 0.2458
0.2500 0.2458
0.2500 0.2457
0.2500 0.2457
0.2500 0.2456
0.2499 0.2456
0.2499 0.2456
0.2499 0.2455
0.2498 0.2455
0.2498 0.2454
0.2498 0.2454
0.2498 0.2454
0.2497 0.2453
0.2497 0.2453
0.2497 0.2452
0.2497 0.2452
0.2496 0.2452
0.2496 0.2451
0.2496 0.2451
0.2496 0.2450
0.2495 0.2450
0.2495 0.2450
0.2495 0.2449
0.2495 0.2449
0.2494 0.2449
0.2494 0.2448
0.2494 0.2448
0.2494 0.2447
0.2493 0.2447
0.2493 0.2447
0.2493 0.2446
0.2493 0.2446
0.2492 0.2446
0.2492 0.2445
0.2492 0.2445
0.2492 0.2445
0.2491 0.2444
0.2491 0.2444
0.2491 0.2444
0.2491 0.2443
0.2491 0.2443
0.2490 0.2443
0.2490 0.2442
0.2490 0.2442
0.2490 0.2442
0.2489 0.2441
0.2489 0.2441
0.2489 0.2441
0.2489 0.2440
0.2489 0.2440
0.2488 0.2440
0.2488 0.2439
0.2488 0.2439
0.2488 0.2439
0.2487 0.2438
